Player 27
trust_hh: 4.164119243621826, 8.55456829071045
trust_hr: 2.486971616744995, 6.3694329261779785
w_direct: 2.1657910346984863, 9.334866523742676
w_hh: 1.9257891178131104, 10.29192066192627
w_indirect: 8.969264030456543, 10.615328788757324
Player 28
trust_hh: 4.45141077041626, 6.867076396942139
trust_hr: 4.326877117156982, 6.4112091064453125
w_direct: -0.059995345771312714, 1.8865803480148315
w_hh: -0.0789971649646759, 10.0
w_indirect: 8.515003204345703, 10.115163803100586
Player 29
trust_hh: 4.995537281036377, 6.762383937835693
trust_hr: 4.302466869354248, 4.334155082702637
w_direct: 7.415007591247559, 11.480039596557617
w_hh: 5.222262859344482, 10.301929473876953
w_indirect: 9.69283390045166, 10.000879287719727
Player 30
trust_hh: 5.465290546417236, 3.872936725616455
trust_hr: 4.7891435623168945, 1.1884287595748901
w_direct: 5.192923069000244, 7.031652927398682
w_hh: 10.161073684692383, 10.014314651489258
w_indirect: 10.09715461730957, 10.225648880004883
